1553557843872059515
1553557919466000507
1553563527640260619
1553565783647461457
1553566456166228090
1553566596469891096
1553566662714724556
1553566709552652358
1553566884975087626
1553567990430302299
1553569438220030064
1553569489017245707
1553569539759931424
1553569709008625805
1553570779566973008
1553570844469362799
1553570891768799293
1553571212947628053
1553571260863094855
1553571308422570017
1553571355713212477
1553571403117101097
1553571876985643019
1553573720210153565
1553573788405469334
1553573835234873354
1553574117532504115
1553574165330665535
1553575673736601731
1553575740728152146
1553575787859284009
1553578401015799841
1553578541889888328
1553579283514007603
1553579910360997969
1553579957815345224
1553580156348670023
1553582215307198540
1553582636176375921
1553584291475357788
1553584339391090748
1553584373612412999
1553584408148058165
1553584618693722252
1553584651724001302
1553584792715403355
1553585612836044850
1553585802850734262
1553585872367128646
1553586481950494744
1553586516146520166
1553586674783494155
1553586886440652953
1553586933199020062
1553586979843874888
1553587639318220964
1553587705634357308
1553587773209059458
1553587819971088475
1553588828948660227
1553588863820107838
1553590068378206239
1553591277084348568
1553591344944119860
1553591390024503426
1553592208819495033
1553592243150131252
1553592995834761236
1553593061399986346
1553593109110329354
1553594042183327876
1553594076358639629
1553595143574261770
1553595209768509481
1553595256484929546
1553596125628596295
1553597244043694153
1553599046470602902
1553599114480975934
1553599161428082739
1553599378411880639
1553599422665982044
1553599845913206825
1553599912212430889
1553600249883271249
1553601517108596736
1553601585240612864
1553601632049168507
1553603887066521662
1553603954166992956
1553604020978065430
1553604068210122873
1553605010724495374
1553605078118826028
1553605124947976294
1553606881224695880
1553606948631617626
1553607017443369141
1553607064217985036
1553607220900659261
1553607595393155235
1553608125180026930
1553608991710519321
1553609103513751562
1553609167023906938
1553609428467716118
1553609618670878742
1553611635514671195
1553611699972739313
1553612797802446961
1553612844925460582
1553640999216218172
1553641062990618634
1553711968513298482
1553712941621190757
1553712941621190757
1553713551149899800
1553714366879244288
1553715414167453696
1553716406921728010
1553716511083077694
1553742720424743023
1553742720424743023
